DEV_ID=01000201
FK_IP=192.168.1.6
FK_Send_XK_INFO_Port=21000
GD_IP=192.168.2.122
GUIDE_ADPAT_VIEW_PIXE_IR=5
GUIDE_ADPAT_VIEW_PIXE_VI=200
GUIDE_ADPAT_VIEW_SIZE=1
IR_H264_Port=10002
IR_RTSP_Addr=rtsp://192.168.2.122:555/ir
IS_GUIDE_ADAPT_VIEW=0
IS_WARNING_TARGET=1
LASER_FORBID_FW_START=11
LASER_FORBID_FW_STOP=12
LASER_FORBID_FY_START=43
LASER_FORBID_FY_STOP=56
LOG_SAVE_Addr=F:/LYN/88002/XK/log
PIC_SAVE_Addr=F:/LYN/88002/XK/pic
SF_1=1零位
SF_10=10
SF_11=11
SF_12=12
SF_13=13
SF_14=14
SF_15=15
SF_16=16
SF_17=17
SF_18=18
SF_19=19
SF_2=2 10 10
SF_20=20
SF_21=21
SF_22=22
SF_23=23
SF_24=24
SF_25=25
SF_26=26
SF_27=27
SF_28=28
SF_29=29
SF_3=3 15 15
SF_30=30
SF_31=31
SF_32=32
SF_33=33
SF_34=34
SF_35=35
SF_36=36
SF_37=37
SF_38=38
SF_39=39
SF_4=奥德
SF_40=40
SF_41=41
SF_42=42
SF_43=43
SF_44=44
SF_45=45
SF_46=46
SF_47=47
SF_48=48
SF_49=49
SF_5=5
SF_50=50
SF_6=6
SF_7=7
SF_8=8
SF_9=9
SOURCE_ID=03010201
VIDEO_SAVE_Addr=F:/LYN/88002/XK/video
VI_H264_Port=10001
VI_RTSP_Addr=rtsp://192.168.2.122:554/vl
XK_IP=192.168.2.186
XK_Recv_GD_INFO_Port=11000
XK_Send_FK_INFO_Port=35498
XK_Send_GD_INFO_Port=10001
this_gaodu=430.209991
this_jingdu=104.913223
this_weidu=31.298092
